-0.018311
0.006714
-0.020142
0.022583
-0.016479
-0.011597
0.007935
0.007935
-0.006714
-0.009766
-0.012512
-0.023499
0.018005
0.029907
0.009766
0.02533
0.006714
0.023499
0.020752
0.007324
0.021667
0.010071
0.014038
-0.019531
-0.014038
0.006409
0.016479
0.01709
-0.010071
0.004578
-0.023193
-0.020752
0.007019
0.032959
0.021973
0.007935
0.027161
0.027771
0.019531
0.013428
0.022278
0.011597
0.014343
0.00885
0.000305
0.015259
0.00824
0.006409
-0.008545
0.003967
0.00061
0.0177
0.028076
0.010986
-0.003052
0.022888
0.012512
0.031433
0.029297
0.031128
0.004578
0.004272
-0.016174
-0.010986
0.005798
0.010376
0.01709
0.012207
-0.014954
0.00824
0.011292
0.021057
-0.011902
-0.010376
-0.012207
0.024719
0.028076
0.018005
-0.001526
0.007019
0.013123
0.021057
0.019226
0.005493
0.024109
0.039978
0.027771
0.002136
-0.000916
0.014038
0.036011
0.025024
0.038757
0.007935
0.005493
0.015259
0.023193
0.032654
0.021667
0.016785
0.029602
0.027161
0.022888
0.003662
-0.003662
-0.001526
-0.011902
-0.010681
0.022278
0.023804
0.023499
0.023499
0.00061
0.024414
0.02594
0.021667
0.021057
0.010681
0.021667
0.024414
0.023499
0.013123
0.033875
0.011292
0.00885
-0.004883
0.012207
0.01709
0.025024
0.029297
0.036011
0.023499
0.049744
0.029907
0.018921
0.010071
0.016785
0.015869
0.010681
0.032043
0.026855
0.049744
0.0177
0.020752
0.035095
0.054321
0.027771
0.018921
0.022278
0.059814
0.041504
0.023193
0.020752
0.037842
0.050659
0.041199
0.01709
0.013123
0.029602
0.041199
0.039368
0.059509
0.065613
0.031738
0.044861
0.049133
0.033569
0.028076
0.053406
0.065918
0.066223
0.040588
0.047607
0.050964
0.053101
0.027771
0.024719
0.064392
0.06134
0.063171
0.042725
0.038757
0.038757
0.055237
0.066223
0.072021
0.079651
0.011902
0.035095
0.023499
0.047302
0.01709
0.033875
0.041504
0.033875
0.0354
0.055237
0.031433
0.049133
0.028992
0.040283
0.035706
0.010986
0.030212
0.049438
0.057373
0.064087
0.033569
0.042725
0.03418
0.016174
0.031433
0.056458
0.030518
0.052795
0.070496
0.039062
0.040588
0.029602
0.030518
0.052795
0.063477
0.067444
0.063477
0.075684
0.052185
0.061951
0.077515
0.047302
0.047302
0.031433
0.059814
0.061951
0.047607
0.040894
0.044861
0.037842
0.055237
0.074768
0.057678
0.048218
0.043335
0.070801
0.022278
0.046692
0.037537
0.04425
0.042725
0.047302
0.061951
0.091553
0.058594
0.071716
0.072632
0.046082
0.060425
0.047302
0.062256
0.076294
0.088196
0.057983
0.053406
0.069885
0.092468
0.076904
0.06073
0.059204
0.054932
0.058594
0.089722
0.062561
0.06073
0.046387
0.037231
0.069885
0.063782
0.050354
0.042725
0.056763
0.049744
0.090332
0.065308
0.04425
0.039978
0.052795
0.055847
0.044861
0.082703
0.074158
0.072937
0.079651
0.098877
0.070496
0.083618
0.050659
0.072632
0.078735
0.068359
0.058289
0.065002
0.052795
0.088806
0.058594
0.053711
0.063171
0.061951
0.061951
0.05127
0.076904
0.050659
0.045471
0.052795
0.072632
0.058899
0.100403
0.102234
0.073853
0.080872
0.072937
0.08606
0.061951
0.056458
0.079651
0.081177
0.056763
0.076294
0.071106
0.075073
0.087891
0.059509
0.075073
0.070496
0.075073
0.045166
0.028381
0.049438
0.037537
0.042419
0.02594
0.042419
0.002747
0.004883
0.036621
0.02533
0.020447
0.039368
0.011292
0.018005
0.035706
0.023193
0.000916
0.024719
0.052185
0.028687
0.037842
0.03479
0.032654
0.04364
0.019836
0.024414
0.059204
0.058899
0.028076
0.00824
0.037231
0.036926
0.004578
0.021667
0.014954
0.026245
0.013123
0.042419
0.069885
0.036621
0.033264
0.041504
0.048218
0.048218
0.043335
0.032349
0.037537
0.031738
0.006104
0.01709
0.01709
-0.002441
0.011292
0.023804
0.021667
0.028381
0.016785
0.044556
0.040588
0.052185
0.046387
0.036621
0.038757
0.045471
0.046387
0.046692
0.046387
0.023499
0.00885
0.014038
0.029297
0.056458
0.046692
0.052795
0.02533
0.038452
0.032654
0.020142
0.031128
0.021667
0.047607
0.046082
0.082397
0.039368
0.005188
0.033569
0.040283
0.04364
0.059814
0.036316
0.024109
-0.001831
0.03479
0.036621
0.038147
0.025635
0.04303
0.028076
0.049744
0.028992
0.027466
-0.002441
0.00946
0.027466
0.039062
0.039673
0.032654
0.054321
0.043945
0.029907
0.047913
0.083313
0.035095
0.064392
0.037231
0.028381
0.013428
0.018311
0.029907
0.059204
0.040588
0.029602
0.030212
0.047302
0.046692
0.054321
0.0354
0.029297
0.023804
0.041199
0.028992
0.037231
0.053711
0.030212
0.050049
0.06134
0.061646
0.033875
0.04303
0.042114
0.003357
0.030518
0.041809
0.039062
0.02655
0.041809
0.013733
0.014954
0.007629
0.009155
0.012512
0.022583
0.028687
0.006409
0.028381
0.036011
0.038147
0.033264
0.045166
0.046082
0.030518
0.016479
0.014648
0.012207
0.034485
0.034485
0.028992
0.000305
0.005493
0.033264
0.050964
0.043945
0.036621
0.06073
0.065613
0.072327
0.053406
0.058899
0.053711
0.011597
0.037537
0.046082
0.062561
0.040283
0.027771
0.024719
0.062256
0.052185
0.076294
0.029602
0.031128
0.018921
0.032043
0.032959
0.00824
0.039673
0.028687
0.033264
0.035706
0.02655
0.018005
0.024719
0.018311
0.041199
0.052185
0.030212
0.04303
0.063477
0.066223
0.027466
0.034485
0.030212
0.033264
0.033264
0.02594
0.050964
0.053711
0.015259
0.054932
0.030518
0.041504
0.047302
0.05249
0.05249
0.030518
0.012207
0.061951
0.033264
0.038757
0.039673
0.027161
0.03418
0.063782
0.046387
0.037537
0.042419
0.0177
-0.011597
0.018616
0.001831
0.022278
0.005798
0.030212
0.048218
0.050354
0.033875
0.035095
0.044861
0.056152
0.030212
0.022888
0.010681
0.019531
0.018311
0.042419
0.035095
0.016479
0.046387
0.038452
0.023193
0.06897
0.048523
0.006714
0.027466
0.065308
0.041199
0.03479
0.041809
0.036316
0.057983
0.040588
0.041199
0.044861
0.06012
0.040588
0.04303
0.022888
0.029602
0.026855
0.035706
0.042725
0.036926
0.045471
0.022583
0.044861
0.031433
0.045776
0.04303
0.018005
0.02594
0.039978
0.067749
0.035095
0.054321
0.044861
0.026855
0.030212
0.025024
0.052185
0.020447
0.033264
0.022888
0.028076
0.011902
0.034485
0.028687
0.032043
0.050659
0.021057
0.03479
0.041199
0.050659
0.045166
0.036926
0.029602
0.065002
0.018311
0.02533
0.019836
0.046692
0.038757
0.043945
0.015869
0.016479
0.055542
0.051575
0.016174
0.031128
0.018616
0.010986
0.028076
0.038757
0.030823
0.049744
0.039978
0.036316
0.05249
0.036926
0.051575
0.030212
0.019836
0.034485
0.039368
0.047302
0.042419
0.020752
0.026855
0.033875
0.02655
-0.024719
0.000916
0.044556
0.034485
0.036926
0.039062
0.022888
0.050354
0.041199
0.0354
0.052185
0.053101
0.02655
0.036621
0.038757
0.020447
0.06958
0.045471
0.050049
0.028381
0.043945
0.060425
0.047913
0.027466
0.004272
0.015869
0.024109
0.036316
0.028381
0.041504
0.053406
0.040588
0.013733
0.035706
0.007324
0.014954
0.036316
0.049744
0.046387
0.039368
0.039673
0.038757
0.039673
0.057678
0.03418
0.018921
0.054626
0.016174
0.004578
-0.00946
0.016785
0.040588
0.040894
0.013733
0.02594
0.023193
0.02533
0.047913
0.048523
0.050659
0.051575
0.0177
0.035095
0.035706
0.028076
0.045166
0.030518
0.050659
0.019836
0.029602
0.027161
0.049744
0.040283
0.037537
0.037231
0.029907
0.014343
0.022278
0.012512
0.046692
0.027161
0.013428
0.038147
0.007324
0.021973
0.029297
0.028381
0.040894
0.014954
0.027771
0.018005
0.045471
0.056458
0.058594
0.059509
0.040894
0.031128
0.040588
0.024719
0.039978
0.038452
0.045776
0.04425
0.058899
0.067444
0.050049
0.053711
0.047302
0.035706
0.042419
0.031738
0.022583
0.029907
0.012817
0.038147
0.027771
0.012817
0.00885
0.004578
0.018921
0.032959
0.069275
0.051575
0.037842
0.035095
0.022888
0.038757
0.028687
0.028076
0.057678
0.067139
0.048523
0.040588
0.014343
0.029297
0.050049
0.05127
0.010681
0.018005
0.054321
0.050354
0.023499
0.02533
0.059509
0.047302
0.036011
0.058289
0.03479
0.061646
0.030518
0.016479
0.033875
0.039062
0.047302
0.032043
0.032349
0.049744
0.032654
0.047913
0.032654
0.050964
0.052795
0.02594
0.032043
0.007019
0.032959
0.031738
0.02533
0.019226
0.036926
0.039673
0.058594
0.054016
0.045471
0.022278
0.038452
0.063477
0.043335
0.054626
0.040283
0.030823
0.030823
0.032654
-0.006714
0.043335
0.036926
0.03479
0.065002
0.038452
0.032349
0.02655
0.03479
0.039978
0.067749
0.074463
0.057068
0.029602
0.054321
0.041504
0.047302
0.036926
0.050049
0.031128
0.002136
0.019531
0.030823
0.041504
0.036316
0.039368
0.04364
0.030823
0.043335
0.047302
0.042725
0.040588
0.006104
0.036011
0.046692
0.031128
0.04364
0.038757
0.022583
0.006714
0.016479
0.048523
0.024414
0.028381
0.033569
0.030823
0.047302
0.042725
0.055847
0.031738
0.053711
0.047913
0.041504
0.037537
0.021667
0.027771
0.052185
0.041504
0.018921
0.058289
0.033569
0.04364
0.019226
0.011902
0.023499
0.030518
0.049438
0.044556
0.052185
0.032959
0.029907
0.037842
0.024719
0.04364
0.027161
0.015869
0.030823
0.050049
0.041199
0.0354
0.026245
0.013733
0.015869
0.000916
0.032349
0.053406
0.042725
0.046082
0.024719
0.046997
0.046082
0.024719
0.046082
0.030518
0.036621
0.021057
0.038757
0.011597
0.007019
0.004578
0.02655
0.048523
0.0354
0.035706
0.04425
0.057678
0.028687
0.006714
0.028381
0.023804
0.020142
0.035706
0.046692
0.04364
0.042114
0.045166
0.056152
0.068665
0.074463
0.050964
0.047607
0.023193
0.023804
0.027771
0.024719
0.026245
0.039368
0.039978
0.039673
0.042725
0.041809
0.032959
0.021057
0.021362
0.05127
0.05127
0.056152
0.032043
0.039673
0.033875
0.022583
0.06134
0.053406
0.038147
0.046997
0.034485
0.040283
0.000305
0.025024
0.016479
0.030212
0.039062
0.045776
0.040588
0.066528
0.040588
0.01709
0.05127
0.029602
0.014343
0.033569
0.011292
0.03418
0.036926
0.038147
0.021057
0.026245
0.027466
0.023499
0.045471
0.022583
0.049133
0.051575
0.00885
0.035706
0.046997
0.036926
0.039368
0.055847
0.063171
0.021973
-0.003052
0.024414
0.031738
0.042114
0.042725
0.025635
0.028381
0.031128
0.037537
0.027161
0.037231
0.04364
0.035095
0.022583
0.024414
0.045776
0.046387
0.065308
0.023804
0.020447
0.00946
0.05127
0.026245
0.005188
0.003357
0.021362
0.0177
0.030823
0.049133
0.04364
0.039368
0.039673
0.037842
0.052795
0.026855
0.047607
0.036316
0.031738
0.035095
0.04425
0.034485
0.059204
0.040283
0.054932
0.039062
0.052185
0.053406
0.072021
0.066833
0.07843
0.048218
0.046692
0.034485
0.035095
0.016174
0.020447
0.030518
0.033264
0.010681
0.049133
0.015564
0.02533
0.027161
0.032654
0.044556
0.013123
0.048218
0.042725
0.032349
0.041199
0.030212
0.04364
0.051575
0.056458
0.033264
0.039368
0.027771
0.036621
0.054321
0.019531
0.030823
0.023499
0.034485
0.011902
0.017395
0.043335
0.065308
0.028381
0.058899
0.036926
0.031128
0.050354
0.060425
0.04303
0.02594
0.021057
0.022278
0.022888
0.031433
0.037231
0.016174
0.041504
0.0354
0.046387
0.022888
0.018616
-0.007935
0.005493
0.032959
0.028992
0.01709
0.018616
0.039673
0.029602
0.049744
0.026855
0.012817
0.018005
-0.006409
0.015259
0.014038
0.027466
0.02533
0.013733
0.024109
0.007324
-0.009766
0.007629
0.032043
0.036316
0.046387
0.010376
0.010376
0.012207
0.030518
0.033264
0.025024
0.047913
0.049438
0.033264
0.033264
0.028992
0.021057
0.044861
0.040588
0.058899
0.058289
0.022888
0.014954
0.005798
-0.000916
0.036621
0.025024
0.040283
0.041504
0.029907
0.013123
0.00946
0.038757
0.019531
0.040283
0.05249
0.021973
0.02655
0.021667
0.033875
0.020447
0.024719
0.037842
0.023193
0.042114
0.047607
0.047302
0.037537
0.038452
0.035095
0.02533
0.044861
0.046082
0.044556
0.049438
0.033569
0.040894
0.061951
0.029907
0.027466
0.037231
0.039978
0.018616
0.037537
0.03479
0.045471
-0.005188
0.019226
0.014343
0.045166
0.044556
0.02533
0.021667
0.007629
0.025024
0.031433
0.014648
-0.006104
0.022583
0.018311
0.055542
0.053101
0.046997
0.013733
0.031128
0.020142
0.031738
0.065002
0.029602
0.046082
0.016174
0.02655
0.014343
0.037537
0.056152
0.073547
0.040894
0.021667
0.04303
0.048828
0.014038
0.03418
0.027771
0.028992
0.022888
0.05127
0.005493
0.005188
0.010986
0.048828
0.051575
0.045166
0.052795
0.018005
0.018616
-0.002441
0.0177
0.010986
0.025024
0.029907
0.031433
0.019226
0.032959
0.041504
0.031738
0.057983
0.038452
0.011597
0.040894
0.023193
0.02655
0.050964
0.022888
0.054626
0.024109
0.040283
0.019531
0.018921
0.00946
-0.003662
0.027161
0.047607
0.036926
0.032349
0.014648
0.046387
0.048828
0.016785
0.023804
0.027161
0.028992
0.034485
0.060425
0.072327
0.00946
0.010376
0.022583
0.015869
0.027771
0.030518
0.041504
0.027466
0.020142
0.010376
0.050659
0.037842
0.025024
0.045471
0.036621
0.048523
0.014343
0.050964
0.045166
0.028076
-0.012817
0.027161
0.031433
-0.001831
0.023804
0.016174
0.027466
0.007019
0.033569
0.033569
0.013123
0.021973
0.003967
0.014343
0.023804
0.018005
0.02594
0.037537
0.073242
0.057678
0.040894
0.000305
0.032654
0.01709
0.047302
0.059509
0.027771
0.046997
0.072632
0.053406
0.025024
0.005493
0.012512
0.021667
0.002136
0.05249
0.033875
0.031738
0.044556
0.054932
0.039978
0.056763
0.029602
0.015259
0.018311
0.036011
0.028381
0.000305
0.032959
0.018005
0.037537
0.033264
0.036316
0.028992
0.018311
0.013733
0.016785
0.016785
0.00946
0.011292
0.028381
0.037231
0.003662
0.015869
0.015564
0.039673
0.021057
0.011902
0.040894
0.032959
0.04303
0.020752
0.020142
0.026855
0.022278
0.029907
0.021667
0.015564
0.039062
0.019531
-0.006714
0.024414
0.064392
0.028687
-0.010376
0.038452
0.037537
0.037537
0.071106
0.036926
0.028992
0.023193
0.002747
0.0177
0.041199
0.029907
0.031738
0.040588
0.052185
0.014954
0.035706
0.044556
0.001221
0.022278
0.035095
0.046387
0.0177
0.028076
0.035706
0.021667
0.021973
0.030823
0.029907
0.056152
0.06134
0.064392
0.042725
0.053406
0.025024
0.024109
0.010681
-0.00061
0.013123
0.029297
0.020142
0.014343
-0.001831
0.040894
0.044556
0.042419
0.030212
0.025024
0.014343
0.032959
0.034485
0.019226
0.043335
0.054016
0.041199
0.049133
0.049438
0.016479
0.024719
0.016785
0.024414
0.044556
0.050964
0.021667
0.033875
0.030823
0.061951
0.038147
0.039978
0.055847
0.046082
0.058289
0.029907
-0.002136
-0.002136
0.012207
0.038147
0.032959
0.039978
0.038757
0.024109
0.033264
0.039673
0.072021
0.057983
0.05249
0.039673
0.026855
0.030212
-0.005493
0.022583
0.007019
0.030518
0.023193
0.033875
0.023499
0.041504
0.044556
0.024719
0.015259
0.042419
0.033569
0.038147
0.010681
0.033875
0.049438
0.029602
0.048523
0.014038
0.013123
0.052795
0.039368
0.006104
0.029602
0.045776
0.040894
0.057983
0.032959
0.044556
0.038147
0.046082
0.049133
0.053711
0.042114
0.039673
0.027771
0.028381
0.021362
0.042419
0.028687
0.020447
0.023804
0.020752
0.035095
0.054626
0.046997
0.047302
0.036621
0.032349
0.036011
0.040283
0.054016
0.06958
0.033264
0.008545
0.021667
0.02533
0.021973
0.004578
0.022278
0.035095
0.027771
0.029602
0.028992
0.049744
0.036011
0.030518
0.02594
0.032349
0.052795
0.021973
0.058594
0.056763
0.003357
0.016785
0.048218
0.049438
0.053101
0.04303
0.039368
0.040588
0.04364
0.032654
0.018921
0.061951
0.050049
0.05249
0.032654
0.003967
0.02594
0.027771
0.028076
0.018005
0.058899
0.0177
0.032654
0.043945
0.027771
0.01709
0.014648
0.038147
0.003052
0.004883
0.023193
0.037842
0.033875
0.059509
0.077209
0.067139
0.057373
0.026245
0.026245
0.041504
0.023193
0.023804
0.031738
0.022583
0.048218
0.035095
0.033875
0.029907
0.059509
0.026245
0.049438
0.045471
0.028992
0.022888
0.033264
0.010681
0.018311
0.024109
0.032043
0.010986
0.015564
0.040894
0.049438
0.046692
0.036926
0.024719
0.064697
0.073242
0.053406
0.033875
0.038757
0.071106
0.05188
0.04364
0.032043
0.044556
0.050354
0.032959
0.010986
0.04364
0.022888
0.02533
0.020142
0.036621
0.021362
0.019836
0.023804
0.028992
-0.003967
0.040283
0.036926
0.042725
0.046692
0.049133
0.037537
0.020142
0.002136
0.013428
0.020447
0.04364
0.046387
0.033875
0.028381
0.01709
0.007324
0.031433
0.035095
0.046997
0.031738
0.026855
0.016785
0.0177
0.037842
0.042114
0.040588
0.013123
0.032043
0.02655
0.058899
0.028687
0.016785
0.004883
0.025635
0.016785
0.036316
0.041809
0.045471
0.024109
0.004272
0.033569
0.037231
0.056152
0.028381
0.018005
0.000916
0.018616
0.056458
0.052185
0.019226
0.045166
0.06958
0.055847
0.060425
0.033875
0.041199
0.028076
0.045776
0.039673
0.057068
0.051575
0.05127
0.050049
0.036621
0.048828
0.061951
0.019531
0.01709
0.037537
0.023193
0.032959
0.041809
0.031433
0.056763
0.050049
0.031738
0.021973
0.069275
0.055847
0.006714
0.01709
0.030212
0.044861
0.031433
0.0354
0.026245
0.022583
0.013733
0.020447
0.034485
0.029907
0.029602
0.028992
0.047607
0.027161
0.039368
0.015564
0.017395
0.029907
0.021973
0.016785
0.027466
0.03479
0.030212
0.035095
0.047302
0.033569
0.062256
0.036011
0.050354
0.022888
0.040283
0.019226
0.021362
0.014954
-0.001221
0.022888
0.024414
0.029602
0.063171
0.02655
0.029907
0.035095
0.056152
0.025024
0.037537
0.018005
0.010986
0.003052
0.021973
0.033875
0.039062
0.017395
-0.012512
-0.003662
0.0177
0.059814
0.065918
0.032349
0.046387
0.036011
0.063477
0.044556
0.033569
0.023804
0.028992
0.04364
0.023804
0.002747
0.02594
0.032654
0.031738
0.014343
0.03418
0.039062
0.018616
0.0354
0.0354
0.052185
0.039368
0.02655
0.073547
0.012207
0.020752
0.046997
0.049744
0.016174
0.028076
-0.006409
0.001526
0.019836
0.033875
0.039062
0.046997
0.025635
0.036621
0.042725
0.0354
0.027771
0.021667
0.049133
0.05249
0.05249
0.065918
0.06073
0.049133
0.021057
0.043335
0.039673
0.054321
0.021973
0.012512
0.002747
0.014343
0.052185
0.075073
0.055542
0.037231
0.020447
0.03418
0.027771
0.027771
0.044556
0.053101
0.019531
0.04364
0.033569
0.047302
0.032349
0.030518
0.0177
0.060425
0.056763
0.041809
0.043335
0.043335
0.03418
0.022278
0.020752
0.016479
0.012817
0.046997
0.035706
0.024109
0.016785
0.029297
0.016479
0.030518
0.054321
0.029297
0.032959
0.048828
0.025024
0.043335
0.051575
0.065613
0.019531
0.02655
0.028687
0.064087
0.056763
0.057068
0.059204
0.046997
0.051575
0.013733
0.042114
0.032654
0.025024
0.029602
0.039978
0.032959
0.029907
0.00885
0.021973
0.016785
0.032959
0.036621
0.046387
0.062256
0.023193
0.036316
0.044861
0.021057
0.017395
0.019531
0.036316
0.027161
0.049744
0.042114
0.041809
0.03418
0.0177
0.045776
0.048828
0.04364
0.036926
0.024414
0.011902
0.011597
0.014343
0.019531
0.038757
0.054626
0.0354
0.045166
0.039062
0.040588
-0.00061
0.010376
0.033875
0.021057
0.042725
0.021667
0.028076
0.028992
0.004578
0.022583
0.039978
0.048218
0.038147
0.037537
0.023804
0.010376
0.014954
0.043335
0.050049
0.023499
0
0.029602
0.021667
0.036316
0.036011
0.022888
0.024109
0.038147
0.020447
0.052795
0.043945
0.053711
0.049438
0.039978
0.013428
0.018616
0.011292
0.013428
0.054321
0.032349
0.047302
0.033264
0.020142
0.011597
0.014038
0.024109
0.026245
0.042725
0.0177
0.049133
0.049133
0.035095
0.030212
0.036011
0.046387
0.038147
0.048828
0.020752
0.031128
0.027466
0.023804
0.017395
0.030823
0.010376
0.044861
0.042114
0.071106
0.057983
0.046082
0.039673
0.018616
0.033264
0.05188
0.022888
0.037842
0.057983
0.04425
0.037231
0.025635
0.030212
0.048523
0.031738
0.024109
0.025635
0.054626
0.041199
0.058899
0.047302
0.047302
0.043945
0.032654
0.030518
0.045776
0.039062
0.044556
0.016174
0.020142
0.025024
0.027466
0.016785
0.021973
0.052795
0.066528
0.064697
0.028992
0.036926
0.04364
0.011597
0.013123
0.039978
0.015259
0.017395
0.031738
0.029602
-0.005798
0.024109
0.0177
0.021667
0.031128
0.014038
0.020752
0.018311
0.030823
0.062866
0.045166
0.023499
0.006714
0.032349
0.028687
0.030823
0.021667
0.032959
-0.005188
0.032654
0.033264
0.04425
0.045166
0.027771
0.007019
0.014038
0.016479
0.040283
0.034485
0.05249
-0.009155
0.024719
0.04364
0.042114
0.050354
0.035706
0.021057
0.002747
0.062561
0.055847
0.033264
0.037537
0.029602
0.042114
0.036316
0.07782
0.04303
0.038452
0.032043
0.014038
0.039062
0.00946
0.033264
0.033875
0.020752
0.021973
0.036926
0.038757
0.054626
0.047302
0.028992
0.056458
0.057068
-0.011292
0.007019
0.028992
0.046387
0.022888
0.02655
0.02594
0.028076
0.007019
0.007019
-0.00061
0.05249
0.045166
0.043945
0.061951
0.036621
0.01709
0.033264
0.06073
0.057068
0.062561
0.031433
0.00885
0.025024
0.049438
0.037231
0.00946
0.011292
0.005493
0.015259
0.025024
0.063171
0.069275
0.069275
0.046997
0.024414
0.037231
0.020142
0.036316
0.023499
0.02655
0.020142
0.005493
0.03418
0.038452
0.052185
0.062866
0.035706
0.032043
0.054626
0.026245
0.039368
0.007019
0.041199
0.021667
0.011902
0.036316
0.040588
0.047607
0.027466
0.057373
0.066528
0.056763
0.034485
0.029602
0.050964
0.055542
0.033875
0.011902
0.06134
0.029907
0.040894
0.030518
0.040283
0.038757
0.032654
0.04364
0.050049
0.030823
0.014343
0.035095
0.04303
0.030823
0.02655
0.033875
0.062866
0.033875
0.057068
0.06073
0.040588
0.04425
0.02533
0.033875
0.031738
0.06012
0.045471
0.034485
0.031128
0.046692
0.048218
0.050659
0.039978
0.050354
0.055847
0.021362
0.040588
0.02594
0.039978
0.037537
0.04303
0.06134
0.047607
0.049133
0.038147
0.014038
0.028687
0.040283
0.014954
0.033875
0.059509
0.063171
0.068054
0.033875
0.027466
0.035095
0.023193
0.019226
0.039368
0.030518
0.026855
0.04425
0.063477
0.057678
0.030518
0.054016
0.029297
0.036926
0.029602
0.009766
0
0.018005
0.032349
0.019836
0.026245
0.018005
0.02533
0.047913
0.046692
0.04364
0.052185
0.025024
0.013733
0.015564
0.032959
0.053711
0.031738
0.032959
0.024109
0.035706
0.036621
0.066528
0.046692
0.036011
0.021973
0.030823
0.030823
0.031738
0.049744
0.041809
0.046387
0.046082
0.035706
0.028076
0.03418
0.064087
0.028687
0.028992
0.01709
0.037842
0.032959
0.046082
0.038757
0.027771
0.019836
0.030518
0.033264
0.032959
0.036316
0.024719
0.019836
0.043335
0.033569
0.02655
0.031128
0.046387
0.031128
0.050659
0.055847
0.052185
0.053406
0.029602
0.036011
0.04364
0.032959
0.031433
0.071411
0.065002
0.065308
0.060425
0.050964
0.050964
0.039673
0.040894
0.042114
0.045166
0.046387
0.039062
0.021667
0.035706
0.033875
0.042419
0.024719
0.049744
0.052185
0.040588
0.066833
0.042419
0.044861
0.042419
0.034485
0.061951
0.021973
0.031433
0.056458
0.007629
0.036316
0.030823
0.04303
0.035095
0.066223
0.030823
0.055542
0.073547
0.023193
0.037842
0.032959
0.044556
0.022888
0.018005
0.008545
0.039673
0.0354
0.012817
0.00885
0.018921
0.02655
0.047913
0.035095
0.037231
0.002441
0.045776
0.039673
0.00885
0.0354
0.032043
0.020752
0.063171
0.046082
0.06134
0.047302
0.037231
0.007935
0.045166
0.026855
0.041199
0.042114
0.016174
0.021973
-0.004578
0.016785
0.038452
0.033875
0.037231
0.014648
0.013123
0.017395
0.047607
0.069885
0.063477
0.04425
0.036011
0.030823
0.020142
0.026245
0.032043
0.030212
0.050049
0.005188
0.038147
0.014038
0.024719
0.016174
0.018311
0.014343
0.031433
0.033875
0.010681
0.014954
0.018005
0.02594
0.019531
0.002747
0.030212
0.015869
0.024719
0.036926
0.017395
0.012207
0.018005
0.048828
0.015564
0.020752
0.039062
0.042725
0.055847
0.056458
0.049744
0.063782
0.083923
0.057678
0.04364
0.033569
0.024719
0.052185
0.040588
0.043335
0.024109
0.016785
0.016174
0.029907
0.048828
0.041199
0.04425
0.047302
0.037537
0.046692
0.035706
0.069275
0.01709
0.032349
0.02655
0.021973
0.028076
0.04303
0.04364
0.038452
0.037842
0.021362
0.03479
0.045166
0.023804
0.067139
0.05188
0.040894
0.028381
0.029602
0.019836
0.019531
0.047607
0.050049
0.048218
0.007019
0.00824
-0.013733
0.033875
0.04364
0.011292
0.020752
0.036926
0.075684
0.02594
0.035706
0.033264
0.018311
0.027771
0.053406
0.048828
0.038757
0.073242
0.056763
0.045166
0.049744
0.045166
0.042419
0.046082
0.04303
0.02655
0.039368
0.021057
0.011902
0.023804
0.012817
-0.003357
0.003052
-0.005798
-0.014343
-0.005493
0.026855
0.020142
0.032959
0.043945
0.033264
0.03479
0.02655
0.040894
0.063477
0.011902
0.032349
0.007935
-0.011902
0.022583
0.03418
0.009766
0.027771
0.058594
0.049744
0.010376
0.021667
0.020447
0.017395
0.021973
0.024414
0.021973
0.036926
0.023193
0.031738
0.027771
0.045471
0.046082
0.012512
0.0354
0.044861
0.053101
0.032043
0.022888
0.040894
0.027161
0.047913
0.029602
0.014648
0.031433
0.006409
0.010681
0.046387
0.032043
0.007629
-0.003662
0.024719
0.032959
0.045471
0.020447
0.030823
0.025635
0.032043
0.052795
0.042114
0.058594
0.038147
0.031738
0.012207
0.023804
0.003357
0.021667
0.042114
0.0354
0.043335
0.027466
0.022278
0.068359
0.044861
0.033875
0.024414
0.026245
0.027771
0.013123
0.010986
0.036621
0.021057
0.013428
0.017395
0.04425
0.039978
0.04303
0.021057
0.039673
0.041504
0.05188
0.022278
0.021973
0.041199
0.004883
0.015564
0.026855
0.04364
0.024109
0.032349
0.038757
0.042419
0.041809
0.010986
0.010681
0.033875
0.045166
0.026855
0.021667
0.021973
0.045471
0.050049
0.036011
0.025635
0.032043
0.002747
0.007019
0.00824
0.004272
0.005798
0.005798
-0.0177
0.018005
0.037231
0.059814
0.031128
0.022278
0.030518
0.033264
0.014954
0.016785
0.014954
0.053406
0.04364
0.026855
0.020447
0.032349
0.00946
0.036621
0.019531
0.039062
0.013428
0.03479
0.039673
0.032959
0.04364
0.018005
-0.003967
-0.001831
-0.003357
-0.002747
-0.006714
0.011292
0.06134
0.021667
0.013733
0.015869
0.000305
0.031128
0.030518
0.014954
0.032959
0.014648
0.016785
0.021667
0.031738
0.00885
0.0177
0.040588
0.010376
0.036011
0.018311
0.010376
0.002441
0.003967
0.006104
0.011597
0.008545
0.059509
0.041504
0.041199
0.0354
0.032959
0.028076
0.043945
0.016785
0.008545
0.018616
0.031433
0.028381
0.030212
0.012817
0.022278
0.038757
0.022583
0.02594
0.042419
0.016785
0.021057
0.0177
0.042114
0.021362
0.041809
0.011902
0.036316
0.052795
0.0177
0.038757
0.0354
0.046082
0.054626
0.054321
0.031128
-0.000916
0.018616
0.026855
0.046692
0.048828
0.038452
0.032959
-0.002747
0.003357
0.032349
0.01709
0.011902
0.015564
0.021667
0.004578
0.017395
0.011597
0.033569
0.043335
0.03418
0.037537
0.024109
0.046692
0.041504
0.042725
0.041199
0.033569
0.030823
0.045471
0.04364
0.037231
0.058289
0.046997
0.0354
0.033264
0.067139
0.040894
0.026855
0.030823
0.006714
0.018616
0.025024
0.010681
0.036621
0.004272
0.027771
0.010376
0.002747
0.000305
0.050354
0.024719
0.057983
0.024719
0.005798
0.046082
0.060425
0.01709
0.017395
-0.003967
0.030212
0.038452
0.023499
0.049438
0.031128
0.033875
0.012207
-0.001526
0.032959
0.046387
0.046997
0.053406
0.041199
0.024414
0.040588
0.063782
0.033569
0.047913
0.048523
0.01709
0.015564
0.050659
0.023499
0.018616
0.018311
0.064087
0.050964
0.029907
0.04425
0.05188
0.047913
0.024414
0.032349
0.0354
0.033569
0.002747
0.024109
0.008545
0.036011
0.042725
0.063171
0.035095
0.029297
0.028687
0.021973
0.0354
0.036011
0.029907
0.04364
0.032349
0.033875
0.036621
0.03479
0.008545
0.029907
0.034485
0.02655
0.016479
0.027771
0.019836
0.021362
0.047607
0.001526
0.05127
0.033569
0.023193
0.062561
0.062256
0.030823
0.02533
0.030212
0.021973
-0.004883
0.021057
0.0354
0.040894
0.042419
0.05127
0.038147
0.039368
0.042725
0.020752
0.046997
0.022278
0.022583
-0.002747
0.018311
0.026245
0.00885
0.00946
0.04303
0.040588
0.032349
0.031738
0.02655
0.039368
0.033875
0.038757
0.032043
0.018921
0.011902
0.021057
0.012207
-0.005188
0.010681
0.0177
0.023499
0.016785
0.032043
0.0177
0.039673
0.018616
0.019531
0.045166
0.018921
0.055237
0.036926
0.04364
0.039978
0.04303
0.047607
0.031433
0.032654
0.024414
0.040588
0.05127
0.026245
0.039368
0.037842
0.048828
0.067139
0.037537
0.037537
0.028687
0.043945
0.040588
0.025024
0.024414
0.032043
0.011902
0.0177
0.038147
0.018311
0.020752
0.019226
-0.001526
0.025024
0.04425
0.042725
0.031433
0.058594
0.055847
0.065613
0.030212
0.022278
0.026855
0.02594
0.024109
-0.001221
0.020142
0.046997
0.004578
0.048523
0.046997
0.023499
0.036926
0.052185
0.04303
0.072021
0.040894
0.037231
0.021362
0.062561
0.024414
